50
1 2 19
2 3 20
3 4 7
4 5 5
5 6 5
6 7 15
7 8 15
8 9 9
9 10 9
10 11 3
11 12 9
12 13 19
13 14 1
14 15 7
15 16 18
16 17 12
17 18 8
18 19 15
19 20 18
20 21 10
21 22 3
22 23 5
23 24 3
24 25 6
25 26 14
26 27 3
27 28 6
28 29 10
29 30 12
30 31 1
31 32 18
32 33 6
33 34 17
34 35 8
35 36 9
36 37 15
37 38 16
38 39 4
39 40 3
40 41 20
41 42 11
42 43 17
43 44 17
44 45 10
45 46 9
46 47 7
47 48 4
48 49 15
49 50 7
1 7 10
1 11 20
1 13 6
1 22 5
1 23 16
1 28 1
1 35 12
1 41 11
1 43 3
1 44 8
2 6 16
2 7 12
2 8 4
2 13 16
2 15 1
2 21 8
2 22 16
2 24 20
2 28 9
2 29 5
2 34 2
2 39 7
2 40 4
2 45 8
2 47 9
3 6 9
3 9 6
3 11 12
3 15 4
3 16 5
3 18 1
3 19 19
3 22 6
3 23 13
3 26 19
3 27 8
3 28 16
3 33 13
3 36 4
3 37 4
3 38 14
3 39 20
3 43 8
3 45 12
3 48 2
4 7 20
4 9 17
4 10 20
4 11 2
4 12 5
4 13 14
4 14 15
4 16 8
4 21 13
4 23 20
4 25 17
4 29 14
4 34 10
4 39 11
4 44 13
4 50 18
5 7 2
5 11 11
5 12 13
5 15 19
5 16 7
5 23 4
5 26 13
5 27 16
5 28 12
5 30 17
5 34 17
5 38 13
5 45 4
5 47 11
5 49 7
6 9 17
6 11 18
6 18 5
6 21 17
6 22 3
6 25 5
6 27 14
6 29 14
6 33 7
6 34 4
6 36 11
6 39 17
6 42 14
7 11 20
7 12 13
7 13 4
7 14 16
7 24 13
7 26 3
7 32 9
7 33 2
7 34 3
7 39 9
7 49 3
7 50 2
8 10 3
8 14 1
8 27 17
8 31 7
8 33 3
8 41 6
8 45 14
8 46 3
8 50 5
9 13 16
9 15 14
9 17 16
9 20 17
9 21 1
9 23 3
9 28 16
9 31 8
9 34 7
9 40 3
9 47 10
9 48 14
9 50 14
10 12 20
10 15 13
10 25 16
10 28 2
10 36 13
10 37 13
10 42 17
10 44 1
10 46 8
10 49 10
11 22 6
11 25 6
11 26 6
11 28 18
11 31 10
11 32 16
11 34 16
11 37 4
11 38 4
11 39 14
11 44 13
11 46 7
11 47 13
11 48 12
12 16 8
12 17 7
12 18 10
12 19 15
12 20 3
12 22 17
12 23 5
12 24 10
12 31 12
12 34 20
12 43 15
12 44 3
12 47 10
12 48 17
12 49 11
13 15 20
13 19 19
13 21 6
13 24 2
13 26 17
13 27 4
13 29 8
13 36 19
13 41 3
13 42 17
13 44 16
13 47 17
13 49 20
13 50 13
14 19 11
14 26 12
14 27 12
14 28 20
14 29 19
14 31 12
14 33 13
14 34 4
14 36 17
14 37 14
14 38 18
14 42 4
14 44 11
14 45 6
14 48 19
14 50 17
15 17 8
15 19 2
15 24 4
15 31 4
15 33 14
15 37 9
15 39 4
15 43 4
15 48 19
15 50 17
16 20 12
16 23 20
16 25 11
16 29 11
16 30 16
16 31 19
16 33 4
16 34 6
16 38 14
16 46 3
16 48 15
17 19 8
17 20 19
17 24 14
17 27 3
17 29 16
17 38 19
17 45 4
17 50 13
18 23 13
18 27 18
18 28 18
18 29 3
18 37 6
18 38 10
18 40 5
18 44 17
18 45 20
18 46 13
18 47 20
18 49 4
19 21 16
19 25 18
19 27 19
19 29 14
19 33 2
19 38 2
19 39 10
19 40 10
19 41 8
19 42 7
19 43 11
19 46 4
19 50 14
20 23 19
20 27 1
20 28 19
20 32 18
20 39 4
20 43 12
21 23 6
21 29 10
21 31 7
21 32 8
21 36 9
21 39 17
21 43 14
21 49 11
21 50 2
22 24 20
22 26 17
22 30 17
22 31 7
22 35 4
22 36 15
22 40 1
23 28 7
23 30 2
23 41 6
23 43 11
23 44 4
23 48 14
24 26 1
24 27 14
24 35 12
24 39 18
24 44 3
24 45 2
24 47 14
24 48 10
25 27 7
25 29 12
25 36 12
25 37 14
25 43 7
25 45 2
25 47 11
26 28 1
26 30 16
26 32 8
26 33 15
26 37 2
26 39 14
26 40 19
26 44 14
26 47 5
26 48 15
26 50 9
27 29 18
27 30 2
27 33 17
27 37 11
27 41 14
27 44 18
27 46 4
28 30 1
28 32 15
28 34 19
28 38 13
28 41 2
28 45 5
28 48 10
29 33 15
29 34 14
29 39 20
29 43 14
29 44 4
29 48 7
29 50 17
30 32 1
30 36 6
30 38 6
30 39 1
30 46 10
30 50 19
31 36 14
31 39 14
31 43 7
31 44 7
31 49 16
31 50 20
32 34 12
32 37 1
32 42 14
32 44 11
32 46 14
32 49 7
33 37 7
33 38 11
33 39 12
33 45 14
34 36 11
34 38 1
34 43 4
34 44 17
34 45 8
34 46 12
34 48 10
34 50 18
35 37 16
35 38 2
35 40 2
35 42 12
35 48 6
36 38 3
36 40 13
36 42 20
36 45 10
36 47 3
37 42 1
37 44 17
37 47 5
37 48 4
38 40 14
38 41 2
38 42 13
38 48 11
38 50 4
39 44 6
39 45 12
39 49 1
40 42 15
40 43 3
40 45 14
41 43 14
41 46 11
41 47 19
41 48 15
42 45 10
42 46 8
42 48 12
42 49 10
43 45 9
43 47 4
44 49 10
44 50 18
45 49 19
45 50 17
47 50 13
48 50 19
