50
1 2 16
2 3 18
3 4 18
4 5 11
5 6 5
6 7 19
7 8 15
8 9 8
9 10 20
10 11 13
11 12 4
12 13 8
13 14 12
14 15 16
15 16 20
16 17 8
17 18 1
18 19 9
19 20 15
20 21 8
21 22 6
22 23 3
23 24 6
24 25 14
25 26 9
26 27 7
27 28 14
28 29 7
29 30 5
30 31 14
31 32 10
32 33 7
33 34 6
34 35 15
35 36 9
36 37 10
37 38 13
38 39 14
39 40 10
40 41 8
41 42 16
42 43 5
43 44 6
44 45 20
45 46 20
46 47 16
47 48 17
48 49 18
49 50 13
1 8 13
1 22 12
1 23 8
1 25 12
1 27 3
1 42 13
2 7 20
2 10 2
2 31 5
2 43 4
2 46 4
3 8 4
3 27 19
3 39 2
4 15 6
4 23 6
4 34 1
5 9 7
5 19 14
5 26 14
5 31 12
5 32 9
5 34 19
6 14 18
6 23 13
6 45 14
7 15 15
7 22 14
7 26 15
7 32 2
8 17 15
8 33 9
8 45 9
8 50 8
9 11 2
9 18 1
9 20 5
9 32 16
9 34 13
9 43 14
9 44 7
9 50 17
10 38 5
11 24 9
11 30 7
11 33 12
11 36 20
12 29 11
12 36 16
12 43 9
13 16 17
13 17 1
13 25 16
13 48 16
14 21 17
14 26 11
14 31 12
14 41 10
14 47 2
15 17 8
15 37 2
16 30 12
16 31 9
16 41 16
17 19 20
17 21 11
17 29 6
18 30 18
18 32 13
18 44 13
19 21 10
20 48 10
21 25 12
21 38 7
22 24 12
22 25 20
22 28 2
22 35 1
22 50 14
23 31 7
24 33 7
24 35 10
24 37 7
24 42 10
24 44 6
25 33 17
25 36 2
26 31 19
26 40 3
26 43 14
27 33 11
27 36 8
27 37 9
28 32 5
28 40 5
29 37 5
29 43 3
30 37 10
30 50 14
31 38 3
32 36 19
32 37 16
32 45 4
32 47 2
33 44 9
33 47 20
35 40 1
35 43 17
36 40 20
36 45 15
36 49 19
37 42 7
38 41 11
39 46 17
40 46 14
